Temperature: 49.8067581339
Momentum: [-70.41612188357331, -2.4167983123287184, -84.87115612728432]
Angular momentum: [-26.55019962225927, -64.29023522563571, -16.045298810022594]
